Name:    2.2.1.b(rev)    
Reactant_description:    
0    Any    
1    CO2    
Atom_descriptions:    
Atom_index ReactantIndex Number_alternatives Atom_description Cycle_description    
0    0    1    C* W   
1    0    1    >C= W    
2    0    1    =O 0    
3    0    2    >C< W    >CH- W    
4    0    3    -H 0    -CH2- W    -CH3 0    
5    0    1    -OH 0    
6    0    1    -H 0    
7    0    1    >C= 0    
8    0    1    =O 0    
9    0    1    -OH 0    
10    1    1    =C= 0    
11    1    1    =O 0    
12    1    1    =O 0    
Site_bond_electron_matrix:    
0    0    1    2    3    4    5    6    7    8    9    10    11    12    
0    0    1    0    0    0    0    0    0    0    0    0    0    0    
1    1    0    2    1    0    0    0    0    0    0    0    0    0    
2    0    2    0    0    0    0    0    0    0    0    0    0    0    
3    0    1    0    0    1    1    0    1    0    0    0    0    0    
4    0    0    0    1    0    0    0    0    0    0    0    0    0    
5    0    0    0    1    0    0    1    0    0    0    0    0    0    
6    0    0    0    0    0    1    0    0    0    0    0    0    0    
7    0    0    0    1    0    0    0    0    2    1    0    0    0    
8    0    0    0    0    0    0    0    2    0    0    0    0    0    
9    0    0    0    0    0    0    0    1    0    0    0    0    0    
10    0    0    0    0    0    0    0    0    0    0    0    2    2    
11    0    0    0    0    0    0    0    0    0    0    2    0    0    
12    0    0    0    0    0    0    0    0    0    0    2    0    0    
Operator_matrix:    
0    0    1    2    3    4    5    6    7    8    9    10    11    12    
0    0    0    0    0    0    0    0    0    0    0    0    0    0    
1    0    0    0    -1    0    0    0    0    0    0    1    0    0    
2    0    0    0    0    0    0    0    0    0    0    0    0    0    
3    0    -1    0    0    0    1    0    0    0    0    0    0    0    
4    0    0    0    0    0    0    0    0    0    0    0    0    0    
5    0    0    0    1    0    0    -1    0    0    0    0    0    0    
6    0    0    0    0    0    -1    0    0    0    0    0    1    0    
7    0    0    0    0    0    0    0    0    0    0    0    0    0    
8    0    0    0    0    0    0    0    0    0    0    0    0    0    
9    0    0    0    0    0    0    0    0    0    0    0    0    0    
10    0    1    0    0    0    0    0    0    0    0    0    -1    0    
11    0    0    0    0    0    0    1    0    0    0    -1    0    0    
12    0    0    0    0    0    0    0    0    0    0    0    0    0    
Products:    
Any    Any    
Comments:    
