Name:    2.4.1.g    
Reactant_description:    
0    Any    
1    Any    
Atom_descriptions:    
Atom_index ReactantIndex Number_alternatives Atom_description Cycle_description    
0    0    1    -O- W    
1    0    1    >CH- W    
2    0    2    >CH- W    -CH2- W    
3    0    2    >CH- W    -CH2- W    
4    0    2    >CH- W    -CH2- W    
5    0    1    >CH- W    
6    0    1    -CH2- W    
7    0    2    -H 0    -OH 0    
8    0    2    -H 0    -OH 0    
9    0    2    -H 0    -OH 0    
10    0    1    -OH 0    
11    0    1    -O- W    
12    0    1    >-P= W    
13    0    1    -O- W    
14    1    2    -H 0    -OH 0    
15    1    1    >C= W    
16    1    1    =O 0    
17    1    1    C* W    
18    1    1    -OH 0    
19    1    1    -H 0    
20    1    1    -CH2- W    
21    1    1    -O- W    
22    1    1    >-P= W    
Site_bond_electron_matrix:    
0    0    1    2    3    4    5    6    7    8    9    10    11    12    13    14    15    16    17    18    19    20    21    22    
0    0    1    0    0    0    1    0    0    0    0    0    0    0    0    0    0    0    0    0    0    0    0    0    
1    1    0    1    0    0    0    1    0    0    0    0    0    0    0    0    0    0    0    0    0    0    0    0    
2    0    1    0    1    0    0    0    0    1    0    0    0    0    0    0    0    0    0    0    0    0    0    0    
3    0    0    1    0    1    0    0    0    0    1    0    0    0    0    0    0    0    0    0    0    0    0    0    
4    0    0    0    1    0    1    0    0    0    0    1    0    0    0    0    0    0    0    0    0    0    0    0    
5    1    0    0    0    1    0    0    0    0    0    0    1    0    0    0    0    0    0    0    0    0    0    0    
6    0    1    0    0    0    0    0    1    0    0    0    0    0    0    0    0    0    0    0    0    0    0    0    
7    0    0    0    0    0    0    1    0    0    0    0    0    0    0    0    0    0    0    0    0    0    0    0    
8    0    0    1    0    0    0    0    0    0    0    0    0    0    0    0    0    0    0    0    0    0    0    0    
9    0    0    0    1    0    0    0    0    0    0    0    0    0    0    0    0    0    0    0    0    0    0    0    
10    0    0    0    0    1    0    0    0    0    0    0    0    0    0    0    0    0    0    0    0    0    0    0    
11    0    0    0    0    0    1    0    0    0    0    0    0    1    0    0    0    0    0    0    0    0    0    0    
12    0    0    0    0    0    0    0    0    0    0    0    1    0    1    0    0    0    0    0    0    0    0    0    
13    0    0    0    0    0    0    0    0    0    0    0    0    1    0    0    0    0    0    0    0    0    0    0    
14    0    0    0    0    0    0    0    0    0    0    0    0    0    0    0    1    0    0    0    0    0    0    0    
15    0    0    0    0    0    0    0    0    0    0    0    0    0    0    1    0    2    1    0    0    0    0    0    
16    0    0    0    0    0    0    0    0    0    0    0    0    0    0    0    2    0    0    0    0    0    0    0    
17    0    0    0    0    0    0    0    0    0    0    0    0    0    0    0    1    0    0    1    0    1    0    0    
18    0    0    0    0    0    0    0    0    0    0    0    0    0    0    0    0    0    1    0    1    0    0    0    
19    0    0    0    0    0    0    0    0    0    0    0    0    0    0    0    0    0    0    1    0    0    0    0    
20    0    0    0    0    0    0    0    0    0    0    0    0    0    0    0    0    0    1    0    0    0    1    0    
21    0    0    0    0    0    0    0    0    0    0    0    0    0    0    0    0    0    0    0    0    1    0    1    
22    0    0    0    0    0    0    0    0    0    0    0    0    0    0    0    0    0    0    0    0    0    1    0    
Operator_matrix:    
0    0    1    2    3    4    5    6    7    8    9    10    11    12    13    14    15    16    17    18    19    20    21    22    
0    0    0    0    0    0    0    0    0    0    0    0    0    0    0    0    0    0    0    0    0    0    0    0    
1    0    0    0    0    0    0    0    0    0    0    0    0    0    0    0    0    0    0    0    0    0    0    0    
2    0    0    0    0    0    0    0    0    0    0    0    0    0    0    0    0    0    0    0    0    0    0    0    
3    0    0    0    0    0    0    0    0    0    0    0    0    0    0    0    0    0    0    0    0    0    0    0    
4    0    0    0    0    0    0    0    0    0    0    0    0    0    0    0    0    0    0    0    0    0    0    0    
5    0    0    0    0    0    0    0    0    0    0    0    -1    0    0    0    0    0    0    1    0    0    0    0    
6    0    0    0    0    0    0    0    0    0    0    0    0    0    0    0    0    0    0    0    0    0    0    0    
7    0    0    0    0    0    0    0    0    0    0    0    0    0    0    0    0    0    0    0    0    0    0    0    
8    0    0    0    0    0    0    0    0    0    0    0    0    0    0    0    0    0    0    0    0    0    0    0    
9    0    0    0    0    0    0    0    0    0    0    0    0    0    0    0    0    0    0    0    0    0    0    0    
10    0    0    0    0    0    0    0    0    0    0    0    0    0    0    0    0    0    0    0    0    0    0    0    
11    0    0    0    0    0    -1    0    0    0    0    0    0    0    0    0    0    0    0    0    1    0    0    0    
12    0    0    0    0    0    0    0    0    0    0    0    0    0    0    0    0    0    0    0    0    0    0    0    
13    0    0    0    0    0    0    0    0    0    0    0    0    0    0    0    0    0    0    0    0    0    0    0    
14    0    0    0    0    0    0    0    0    0    0    0    0    0    0    0    0    0    0    0    0    0    0    0    
15    0    0    0    0    0    0    0    0    0    0    0    0    0    0    0    0    0    0    0    0    0    0    0    
16    0    0    0    0    0    0    0    0    0    0    0    0    0    0    0    0    0    0    0    0    0    0    0    
17    0    0    0    0    0    0    0    0    0    0    0    0    0    0    0    0    0    0    0    0    0    0    0    
18    0    0    0    0    0    1    0    0    0    0    0    0    0    0    0    0    0    0    0    -1    0    0    0    
19    0    0    0    0    0    0    0    0    0    0    0    1    0    0    0    0    0    0    -1    0    0    0    0    
20    0    0    0    0    0    0    0    0    0    0    0    0    0    0    0    0    0    0    0    0    0    0    0    
21    0    0    0    0    0    0    0    0    0    0    0    0    0    0    0    0    0    0    0    0    0    0    0    
22    0    0    0    0    0    0    0    0    0    0    0    0    0    0    0    0    0    0    0    0    0    0    0    
Products:    
Any    ADP    
Comments:    
Actual KEGG reaction generates GDP.