Name: 1.14.12.c(rev)
Reactant_description:
0	Any
1	NAD+
2	Sulfite
Atom_descriptions:
Atom_index ReactantIndex Number_alternatives Atom_description Cycle_description	
0	0	1	H- 0
1	0	1	H- 0
2	0	1	OH- 0
3	0	1	OH- 0
4	0	1	=C-- B9;H9
5	0	1	=C-- B9;H9
6	0	2	-CH= B9;H9;F9;N9;69    >C= B9;H9;N9;F9;69  
7	0	2	-CH= B9;H9;F9;N9;69    >C= B9;H9;N9;F9;69  
8	1	1	=N-- W
9	1	1	=CH- W
10	1	1	=CH- W
11	1	1	=CH- W
12	2	1	=S-- 0
13	2	1	OH- 0
14	2	1	H- 0
Site_bond_electron_matrix:
0	0	1	2	3	4	5	6	7	8	9	10	11	12	13	14
0	0	0	1	0	0	0	0	0	0	0	0	0	0	0	0
1	0	0	0	1	0	0	0	0	0	0	0	0	0	0	0
2	1	0	0	0	1	0	0	0	0	0	0	0	0	0	0
3	0	1	0	0	0	1	0	0	0	0	0	0	0	0	0
4	0	0	1	0	0	2	0	1	0	0	0	0	0	0	0
5	0	0	0	1	2	0	1	0	0	0	0	0	0	0	0
6	0	0	0	0	0	1	0	0	0	0	0	0	0	0	0
7	0	0	0	0	1	0	0	0	0	0	0	0	0	0	0
8	0	0	0	0	0	0	0	0	0	2	0	0	0	0	0
9	0	0	0	0	0	0	0	0	2	0	1	0	0	0	0
10	0	0	0	0	0	0	0	0	0	1	0	2	0	0	0
11	0	0	0	0	0	0	0	0	0	0	2	0	0	0	0
12	0	0	0	0	0	0	0	0	0	0	0	0	0	1	0
13	0	0	0	0	0	0	0	0	0	0	0	0	1	0	1
14	0	0	0	0	0	0	0	0	0	0	0	0	0	1	0
Operator_matrix:
0	0	1	2	3	4	5	6	7	8	9	10	11	12	13	14
0	0	0	-1	0	0	0	0	0	0	0	0	0	0	0	0
1	0	0	0	-1	0	0	0	0	0	0	0	1	0	0	0
2	-1	0	0	2	-1	0	0	0	0	0	0	0	0	0	0
3	0	-1	2	0	0	-1	0	0	0	0	0	0	0	0	0
4	0	0	-1	0	0	0	0	0	0	0	0	0	1	0	0
5	0	0	0	-1	0	0	0	0	0	0	0	0	0	0	1
6	0	0	0	0	0	0	0	0	0	0	0	0	0	0	0
7	0	0	0	0	0	0	0	0	0	0	0	0	0	0	0
8	0	0	0	0	0	0	0	0	0	-1	0	0	0	0	0
9	0	0	0	0	0	0	0	0	-1	0	1	0	0	0	0
10	0	0	0	0	0	0	0	0	0	1	0	-1	0	0	0
11	0	1	0	0	0	0	0	0	0	0	-1	0	0	0	0
12	0	0	0	0	1	0	0	0	0	0	0	0	0	1	0
13	0	0	0	0	0	0	0	0	0	0	0	0	1	0	-1
14	0	0	0	0	0	1	0	0	0	0	0	0	0	-1	0
Reverse_Operator:	1.14.12.c
Comments:
Can also add Nitrite (NOOH) in place of Sulfite.